333333333333333333333344444444444444444555555555555556666666666666666666666666666666666666666666666
222222333333333344444555555555555555555555556666666666666666666666666666666666666666666666666666666
222222222333333333333333335555555555555555556666666666666666666666666666666666666666666666666666666
112222224444444444444445555555556666666666666666666666666666666666666666666666666666666666666666666
222234444444444444444555555555555555566666666666666666666666666666666666666666666666666666666666666
112244444444445555555555555555566666666666666666666666666666666666666666666666666666666666666666666
133333333334444444445555555566666666666666666666666666666666666666666666666666666666666666666666666
333344444444444445555555556666666666666666666666666677777777777777777777777777777777777777777777777
014444444444444555555566666666666666666666777777777777777777777777777777777777777777777777777777777
233444444444445555555556666666666666666777777777777777777777777777777777777777777777777777777777777
133344444444555555555556666666666666666666777777777777777777777777777777777777777777777777777777777
011333444444555555566666666666666666666666666777777777777777777777777777777777777777777777777777777
334444444444444444445555555555557777777777777777777777777777777777777777777777777777777777777777777
044444444444555556666666666666666666666666667777777777777777777777777777777777777777777777777777777
033333335555555666666666666777777777777777777777788888888888888888888888888888888888888888888888888
444444444455556666666666666666677777777777777777777777777777777777777777777777777777777777777777777
444444555555555666666666666666666667777777778888888888888888888888888888888888888888888888888888888
334444444444666666666667777777777777778888888888888888888888888888888888888888888888888888888888888
222555555555555555555666666666777777777888888888888888888888888888888888888888888888888888888888888
222555555555556666667777777777777777778888888888888888888888888888888888888888888888888888888888888
333333355555555566666666666667788888888888888888888888888888888888888888888888888888888888888888888
014555555555555556666666666777777788888888888888888888888888888888888888888888888888888888888888888
145555555555555666666666677778888888888888888999999999999999999999999999999999999999999999999999999
033555555666666666677777777888888888888899999999999999999999999999999999999999999999999999999999999
111125555556666666666667777888888888888888888888999999999999999999999999999999999999999999999999999
455555555555555666777777777777777888888899999999999999999999999999999999999999999999999999999999999
144455666666666667777777888888888888999999999999999999999999999999999999999999999999999999999999999
333355555555555555566666888888888888888888888888888888899999999999999999999999999999999999999999999
334455555555556666666666777777778888899999999999999999999999999999999999999999999999999999999999999
000222556666666666677788888888899999999999999999999999999999999999999999999999999999999999999999999
144444455666777777777777788888899999999999999999999999999999999999999999999999999999999999999999999
334466666666677777777777777778888888999999999999999999999999999999999999999999999999999999999999999
555556666667777777777778888889999999999999999999999999999999999999999999999999999999999999999999999
355555555666667777777777888889999999999999999999999999999999999999999999999999999999999999999999999
444466666666666667778888888999999999999999999999999999999999999999999999999999999999999999999999999
114444444666777777777777788888888888899999999999999999999999999999999999999999999999999999999999999
255555555555666667777777889999999999999999999999999999999999999999999999999999999999999999999999999
456666666777777777888888888888899999999999999999999999999999999999999999999999999999999999999999999
355666666666666667777777888888888889999999999999999999999999999999999999999999999999999999999999999
125555566666667788888888888888888888999999999999999999999999999999999999999999999999999999999999999
566666666667777777777777777999999999999999999999999999999999999999999999999999999999999999999999999
122246666677777777888888888888899999999999999999999999999999999999999999999999999999999999999999999
366666666677777777777777777777799999999999999999999999999999999999999999999999999999999999999999999
222245557777777777777779999999999999999999999999999999999999999999999999999999999999999999999999999
355555555556666666666779999999999999999999999999999999999999999999999999999999999999999999999999999
444444445577777777777799999999999999999999999999999999999999999999999999999999999999999999999999999
003666677777777777778888888999999999999999999999999999999999999999999999999999999999999999999999999
045566666677777777777777899999999999999999999999999999999999999999999999999999999999999999999999999
256666677777777777777777899999999999999999999999999999999999999999999999999999999999999999999999999
166666666677777777777777777789999999999999999999999999999999999999999999999999999999999999999999999
555555555777777777888888888888889999999999999999999999999999999999999999999999999999999999999999999
155566666666667777777777999999999999999999999999999999999999999999999999999999999999999999999999999
335555555555777777777889999999999999999999999999999999999999999999999999999999999999999999999999999
333366666666666668888888999999999999999999999999999999999999999999999999999999999999999999999999999
555555556667777788888888888888888888899999999999999999999999999999999999999999999999999999999999999
666666666666666677778899999999999999999999999999999999999999999999999999999999999999999999999999999
555555555777777778888899999999999999999999999999999999999999999999999999999999999999999999999999999
455555556777777788888888999999999999999999999999999999999999999999999999999999999999999999999999999
333333336666777777888889999999999999999999999999999999999999999999999999999999999999999999999999999
022666666666666666667777777777999999999999999999999999999999999999999999999999999999999999999999999
455555555677777777888889999999999999999999999999999999999999999999999999999999999999999999999999999
333333355567777777777777779999999999999999999999999999999999999999999999999999999999999999999999999
355556666666677777778888888899999999999999999999999999999999999999999999999999999999999999999999999
333555555555555577888888888899999999999999999999999999999999999999999999999999999999999999999999999
446666666666777777777777777777777778899999999999999999999999999999999999999999999999999999999999999
555555566677777777778888888888888888899999999999999999999999999999999999999999999999999999999999999
124444445577777777777777888899999999999999999999999999999999999999999999999999999999999999999999999
222255556666666777777777777999999999999999999999999999999999999999999999999999999999999999999999999
445666666666666666668888888888889999999999999999999999999999999999999999999999999999999999999999999
455555555555555566666677777789999999999999999999999999999999999999999999999999999999999999999999999
023346666666666666777777777788888888999999999999999999999999999999999999999999999999999999999999999
333344445555666667777777777778888888888999999999999999999999999999999999999999999999999999999999999
455555555555555666666688888888888999999999999999999999999999999999999999999999999999999999999999999
555555555555555556666666688888888888888888888999999999999999999999999999999999999999999999999999999
333555566666667777777777777888888888888888999999999999999999999999999999999999999999999999999999999
225555555566666677777777788888888888899999999999999999999999999999999999999999999999999999999999999
234455555555555667777777777788888888889999999999999999999999999999999999999999999999999999999999999
005555556666666666777777777777777777888888888888888888888888888888888888888888888888888888888888888
444444444555556666677777777788888888888888888888888889999999999999999999999999999999999999999999999
155555555555555555555566667777777778888888888888888888888888888888888888888888888888888888888888888
225555555566666666666666666666888888888888888888888888888888888888888888888888888888888888888888888
035555555555566666667777777777777888888888888888888888888888888888888888888888888888888888888888888
012333445555566666666667777777777778888888888888888888888888888888888888888888888888888888888888888
013555555555555666666666666666666666666777777777788888888888888888888888888888888888888888888888888
222222222444444444444444444566777777777777888888888888888888888888888888888888888888888888888888888
333444445555555555555566667777777777777777888888888888888888888888888888888888888888888888888888888
444445555555555555566666667777777777777777777777888888888888888888888888888888888888888888888888888
222444444444444444446666666666666666777777777777777777777777777777777777777777777777777777777777777
333333355555555555555555556666666777777777777777777777777777777777777777777777777777777777777777777
144444444444444455555555566666666666666667777777777777777777777777777777777777777777777777777777777
133333334555555555555555555555666666666666777777777777777777777777777777777777777777777777777777777
333444444455555555555666666666666666666666666666666666666666666666666666666666666666666666666666666
011333444444555555555555555555556666666666666777777777777777777777777777777777777777777777777777777
222333334444444444444444455566666666666666666666677777777777777777777777777777777777777777777777777
233444444444444444444444456666666666666666666666666666666666666666666666666666666666666666666666666
133344444444444444444445555555555555556666666666666666666666666666666666666666666666666666666666666
003333344444444444445555555555555555666666666666666666666666666666666666666666666666666666666666666
000033333444444445555555555555555666666666666666666666666666666666666666666666666666666666666666666
111222334444444444455555555555555555666666666666666666666666666666666666666666666666666666666666666