111111111111111111111111111111111111111111111111111111111111111111111111111111111111111111111111111
110010110000111011110100011001110101101000001000100110110001110011011100010010011000111001110010111
100000000100010000001000001101000001011000111001000010000001000000000110110000101000110000000000011
101000001011001000010001000000001001101000000000110100001110000100010101001000000001000000000110011
100011000000000000000100000010000010010000010000001000000010001010000000000100010100000000010001011
101010000000011000100000100000110000100000000100000000000000000101000000000000000001010001001000001
110000000001000100001000000010100101000001100010000000000000000000000010000000000010000110000010011
100010000000000001000010001000000000000000010010000011000000000000000000001110010000001100000001001
111000010000000100000010000101000000000000100000010001000000000000000000001000000100000000000010011
110100000000001010000001000000000000000111000000000000001000010100000001000000000000100000000010011
110010000100110000000001000000000010000000100000000100100000000000010100000000000000110000000001011
110100100000100000010000000000000000000000000100010000000001001010000001000000000000000100000001001
101000000000000000001000000000001010000000000000000100000000000000001000100000010000000000101001001
110000000000100001000000000000000000000000001000000000000000000000010001000011111000000000000010001
110000001000000110000000000100000001000000000000010100000100001000000000000000000001010001000100011
100000000010001000100000000000010000011000000000100000000110000000000001000000000000000000000010011
100000100000000100000000000000000001000000001001000000000110110001000000100010001000000100000001011
101000000000100000001001110000100000001000100000000000001000001000000100100000000000000000001001101
100100000101000000000100000000100000000100010000000000000000000100000000010000000010001100000010001
100100000000001000001010000001000000001000000000000000000000000000111000010100010000000000100000011
100000010000000010000000000001010001010010000000000000000000000000001000001010000100000001000000101
111100000000000001000000000100000010000000000000001000000000000100010000000000000000000000100010001
111001000000000100000000010001100100000000000110100011010000000010000010000001000000000000010001011
110100000100010000010100000100000000000010000000000100100000000000000001100000100001000000100000111
100011000001000000000001000110000000000000000000100000000000000000000010000000000011000000010000001
110000000000000100100000000000000100000010000000000000101010000101000000000000000000100010001000001
110010101000000001000000100000000000100000100000000000000000000100000000000100000010000001001001001
100010000000000000010000100000000000000000000000000000010000000000010000000001000100000000000000011
101010000000001000000000100000001000010000000000000000000000001010010000000000010000000000100100001
100100101000000000010011001000011000000001001000001000000010000010001000000000000000100000000001001
110000010100110000000000010000010000000000000000000000000000000000001000000010001000000001000101011
101010000000010000000000000001000000100000000000010010000001000010000000000000100100000000010001111
100001010011000000000001001001000000001000010000000000000000000000000101000010000000000111000001011
110000000100001000000000100001000000000101000000000000000100000000000010000000001001000000000000101
100010000000000001001000000100000000000000000000000000000000010000010000010100000001000000000100111
101000000100100000000000010000000000010000000000000000000000000000000101000000011000000000010011001
110000000000100001000000101000100001000000000000000000000000000010000000000001000000001001000001011
111000000100000000100000000000010010000000000000000000000000000001000000101000000001000000000000101
110100000000000001000000100010000001000000000000000000000000000000010000000000000010000000101010001
111000010000001010000000000000000000100000000000000000000000000100000000000000001000111000000001101
110000000001000000000000000100000000000000000001000000000000000000000100000000000010000000000010001
110011000010000000100000000010010000000000000000000000000000000000000000000001000000010000000000001
110000000010000000000000000000010000000000000000000000000000000000000000000110000100010000001000011
100011001000000000000001110000000100000000000000000000000000000000100000011100000000000000000000001
110000000001000000000101000000000000000000000000000000000000100000001000000000100000000010000001101
100000001010000001010010000000000000000000000000000000000000000000000000000001100000010000000000011
101100010000000100001100000100000000000000000000000000000000000001000001000000000000000000010000001
111010000010000000000000110000000000000000000000000000000000000000000100000000000000010001000000111
111000010000000000000000110000000000000000000000000000000000000100000000000000000001000100000000111
110000000010000000000000000011000000000000000000000000000000100000000000000000000000010000000100011
100000000100000000100000000000001000000000000000000000000000000001000000100000000000000000000100001
110010000000001000000000100000000000000000000000000000000000000000010000000100000001000000001000001
101000010000100100000101000000000000000000000000000000000000000000000000000001100000010000010000001
100010000000000001010010100000000000000000000000000000000000000000000000000001000001000000000000011
100000001001000010000000000000000000010000000000000000000000100000000000000001000100000010000000111
100000001000000010001011110000000100000000000000000000000000000000100010010000000000010000100000001
100000000100000001000010000000000000000000000000000000000000000000000000000110000101010000001010101
110000001110000010000000100010000000000000000000000000000000000000000000000001000001000000001101111
110000001000100000100001000000000000000000000001000000000000000000000000011000000000001000000010101
110100000000000010001000000000100000000000000000000000000000000000001000000000000000110000000000011
110100000110000000100001000010000000000000000000000000000000001000000000000000000011100010100010011
101000010111000000100000001000000010000000000000000000000000000001000000101001000001010000000000101
110001000000010000001000001010100001000000000000000000000000000000000000100000000001001001000010001
100100000000000010100000000010000000000000000000000000000000000000010100000000010001000100000010011
101000000000100000001000000100000001010000000000000000000000010000000000010000000000000000100100101
100000010010001000001000000000000000010101000000000000000100000000000010010000001010000000000000011
111001011011000000000000101011000000001000010000000000000000000100000101000000001000010111000011001
100010001000000100000000000100000000000000000000010010000001000000000000000000100100000000000011001
101100000000110000001000010000001000000000000000000000000000000001001001000010001001000000000000011
110000000000000010000011001011011000000001001000001000000010000000000011000000000000001000000100011
111011000000000000100000000010001000110000000000000000000000001010100000000000110000000100000100011
100010001000100001000000000001000000000100000000000000000000000000010100000001000000000000011100011
110010101000000101000010100000000100100000100000000000000100000000000000000100000001000001000000111
110000000000000001100000010000000000000000000100000000101010000101000000000001000000101110001000001
100100010001001000000000000110000000000000100000000000000000000010000010000010000010001001000000011
101000000110010010010100010100000000010010000000000100100000001000000001101000100001100000001000101
111011000000000101000000010011100100001000000110100011010000110010000010000001001000000000110000001
101000001000000000100000000000000010100000000000001000000000000000000100000010000000000010101000011
100000010100001000010000000010010001010010000000000001100000001000000000001000000100000001100000111
110000000000000000001010001001000001000000000000000000000000000000111000010100001000000001000000001
101100000111000000000100000000100000000100010000001000000000000100000000010000001010001001000000001
111000000000110000001001110000100100001000100000000000001000001001000100100000000000000100000000001
111100101000010000000001000000000001000000001001000000000110110001000000100010011000000110000001101
111100000010001100100000000000010000011100000000110000000010000000000000001000000000100000000000011
100000001100000110000000000110100001000000100000010100000100000000000000001100000101010001000000011
110100001000000001000010001000000000000000101000000000000010000000010001010011101000000100000110011
100001000000000000010000001000001010000000000000100100000000000000001000100000010000100000101100011
100100100000000000011000000000000000100000000100010000000001001010100000000000100000000000000010011
100000010100110000000000001000000110000000000000000100100000000000010100000000000001100000001000101
110100000000000010000001010000000000000111000000000000001000010100010001000001000000100000000000101
111000011100000100000010000101100000000000100000010000000000000100000000000100000100001000000000001
100100000010000001000110001000000000000000010010000011000000000000000000101110010000001000110001001
110100100000100100001000000010101101000001100110000000000000000000000011000000000010001110000010101
100110001000011000100000110010110000100000000100010000000000000101001000000000000001010011011000011
110111000000000000000000011010000010010000010000001000000010001000000001000100010100001000000001101
110010001011001000010001000000001001101000000000110100001110000110010101000000000001000000000110001
101000010100010000001000001101000001111000110001000010010001000000000110110100001000100000001000011
110010110100111011110100011001110101101000001000100110110011110011010100010010111000111001110010111
111111111111111111111111111111111111111111111111111111111111111111111111111111111111111111111111111